.Random.seed <-
c(403L, 10L, -184941576L, 1516402651L, -38909383L, -1450652792L, 
-20907210L, 1946380657L, 1974715299L, -1443376398L, 1611412036L, 
-430859001L, 330196189L, -41758252L, 1305081082L, 1563356229L, 
-656278369L, 696622630L, -647685456L, -555514029L, 1825423985L, 
1512935328L, 2029233982L, -109711799L, 604769019L, 706198218L, 
-299307988L, -751700945L, -1432593179L, 1931498908L, -1779787790L, 
1298678381L, -1852160089L, 1861401038L, -521040088L, -72923861L, 
1174742857L, 1726213208L, -86779642L, -1488591647L, -483605389L, 
2023330018L, 1163835476L, 1897127255L, -1288114867L, -1268600604L, 
-1599148854L, -705478347L, -1936406641L, 468030614L, -1425777600L, 
92966147L, 2142372129L, 1924024848L, 759206382L, -2084584039L, 
1325081131L, 1323946778L, 540486108L, -1079566369L, -217192523L, 
1509654860L, -292550750L, -1102369027L, 1873805303L, -937752290L, 
1199485912L, -11446981L, -1627049255L, -1771884952L, 1771810710L, 
-578364655L, 220460227L, -753697582L, 299018596L, -377500505L, 
-483053059L, -493167628L, 989713626L, 500577829L, -283727041L, 
-60405562L, -67435184L, 359181683L, 1553921937L, -1332803136L, 
-102904930L, -110185111L, -1268814437L, -1705119574L, -1307341108L, 
1743089551L, 1872362437L, 1151606652L, -1446223918L, 1722691405L, 
-1642164729L, -520155666L, -116508472L, 1688647627L, 1110934057L, 
-920125320L, -1704108634L, -241662015L, -56918957L, -467070206L, 
1763456564L, 27849655L, -82955347L, 1376024772L, 906444010L, 
1893987157L, 955032815L, -59741450L, -92957152L, -2050962461L, 
2030862465L, 621674224L, 470478222L, -1058094343L, -1559674741L, 
-1442084678L, 107756476L, 857866495L, 773547093L, 71675756L, 
-2016444478L, 1736579101L, 569960599L, -1814448642L, -1936906824L, 
-393975397L, 1387524089L, -714639544L, -1930259850L, -268325967L, 
1179375075L, -2145473870L, -438434044L, -2128962489L, -636880099L, 
-1733156460L, -1615379142L, -1108911739L, -1794475425L, 318463206L, 
-200667280L, -1567223661L, 459988273L, -624497696L, -1059088258L, 
-1655463159L, -801823429L, 1633827082L, -555546388L, -970312337L, 
197302949L, 55358556L, -25242574L, 812757805L, 400320999L, -318360306L, 
-1526412568L, 895485163L, 387816841L, 776715544L, 1609588806L, 
1018972321L, -1849290957L, 70991522L, -1925321324L, -1557990377L, 
-576941043L, -770244316L, -396628726L, 1991511157L, 1410557903L, 
16492758L, 299853952L, -1994017085L, -478945183L, 989098192L, 
357345838L, 1401494489L, 1834542059L, -505068966L, -384838628L, 
1430491423L, -1115004555L, 1026334732L, -1846195742L, -1669369155L, 
-169390793L, 461705694L, -229116136L, -389669253L, -1529435111L, 
-710378328L, -1448479146L, -118664495L, 1847419523L, -620938990L, 
-434668380L, -1999106969L, -1929329219L, -1243138252L, 1844257946L, 
921619173L, 1681347711L, -2059227642L, -1567106672L, 1748853811L, 
-1529386031L, 1235640704L, 1214893150L, 315534249L, -597421477L, 
1489839722L, 563686156L, -1122181809L, 1158948357L, -1381856068L, 
-696791662L, -506665331L, -1952621369L, 365296046L, 941925384L, 
1862932491L, -758838039L, -1176569524L, -513728224L, -1175064702L, 
973688552L, -1550141204L, -1214267844L, 1276650354L, 958514800L, 
972287012L, 1373036344L, 416612506L, 2124908240L, 1051567292L, 
-1953789292L, -1598006654L, -17608512L, -595040964L, 1239287952L, 
1060748834L, -498075128L, 185406732L, 1682858652L, 1460803090L, 
-530386560L, -1827249644L, 1286733352L, -850443974L, -799351856L, 
-1932030356L, -1111983308L, -1687014766L, -927693472L, -1685572276L, 
737846240L, 583819170L, -1768972376L, -1139085428L, 1663236796L, 
-807330958L, -1782677264L, 323292228L, -125866664L, -942190534L, 
1668989808L, -2146675652L, 307456788L, -76198462L, -16544544L, 
-195856516L, -1380346160L, 1614158498L, -434875352L, 346013964L, 
627461052L, 927434034L, -532252736L, 1088677428L, 1313795016L, 
-1029233478L, -1270364272L, -1241863700L, 718672980L, 1821481618L, 
2022828832L, 1762517452L, 2043567072L, -534194494L, 1595643432L, 
1264397996L, 707856060L, 409469426L, 1416370480L, 1087752356L, 
1423407800L, -1744265382L, 2071477648L, 1110945148L, -1087876844L, 
-897176254L, 392426240L, -220156996L, -308735152L, 1974379810L, 
1797253448L, -642151412L, 1877458012L, -815651630L, 1430266880L, 
-1683789996L, -151905816L, 182189050L, -307180848L, -1264859860L, 
-1297965836L, -36183150L, 696642656L, -202114804L, -1939793184L, 
1197696354L, 1814541992L, -392987060L, 1236243324L, -2094440654L, 
1307763312L, 2083705156L, -1486862376L, -356580230L, -1449498064L, 
218148540L, -1874866348L, 1607876162L, 453869472L, -648897348L, 
815862224L, 1825153378L, -277682200L, 1211333580L, 1827069692L, 
-2077932558L, 786945152L, 995287284L, -34934648L, 1728033082L, 
-825650352L, -287268756L, -137012076L, 1953326418L, 611025632L, 
-527946548L, 2071702688L, 1572433282L, 451575016L, -1007776532L, 
212158524L, 952614002L, 2018245744L, -2027929052L, 741201464L, 
-878730726L, 290141392L, -1557051844L, 1821528212L, -1109279614L, 
-818439232L, -1217449668L, 555097744L, 727995426L, 40034312L, 
-657152884L, 1414595612L, -1558056814L, -195353472L, -1475761132L, 
1444689704L, 52287546L, -376608560L, -1587435412L, -392405324L, 
1349692434L, 955806688L, -2022579252L, -664505888L, 1292314658L, 
-821353176L, 2067534092L, -277511620L, -1147090702L, -385856272L, 
-1109616828L, 682732632L, -408582598L, 1556664560L, -1070979396L, 
-1718427116L, 1218669762L, -1385784736L, 1679630716L, 1685982416L, 
-1951700958L, -546356056L, 1372164492L, -1797762628L, 937122866L, 
1425692480L, -1053846860L, -1067696824L, -1963514182L, -136113392L, 
-458802964L, 380107860L, -1698276590L, -1018282592L, -2022844468L, 
1170580320L, -1366872894L, 722108968L, -1642926676L, 1558117180L, 
1339055986L, 2022006576L, -850136028L, 949973560L, -1109023014L, 
1573671824L, 303810812L, -2134638188L, 1587819330L, 1473174016L, 
-1631718340L, -823027120L, -231181150L, -249112760L, 1077566988L, 
-261468452L, -1017065390L, -1753792384L, 970124116L, 701567976L, 
1209975546L, 284389200L, -1585221588L, 1117307252L, -849010030L, 
-42913184L, 1494963340L, -101915296L, -1145050910L, 2044617308L, 
-1057669238L, 656961407L, 859996873L, 1839410014L, -1022570484L, 
-1849212963L, 2043054823L, -464936176L, 1268234798L, -62152485L, 
1040604605L, -225760470L, -989633592L, 2031116529L, -1980948893L, 
1046932068L, 1643923858L, -947116441L, -1435752911L, -1592091786L, 
1620537492L, -1210089819L, -944313425L, 239241320L, 92511302L, 
444701171L, -1072028331L, 1520611122L, -1530207488L, 1221068777L, 
-271164837L, 742212780L, 2046417594L, -1467002769L, -1646137863L, 
277018766L, 1176031580L, 960899533L, -1909174985L, -1574084672L, 
-1677567842L, 387644779L, 1369285869L, 1915295066L, 144250392L, 
469123969L, -1825466061L, 1750202196L, -1826303646L, -780740105L, 
-2055644607L, -1141920058L, 1146253316L, -673505355L, -329084769L, 
-1723380488L, 796505302L, 1407591779L, -431927003L, 2001782466L, 
745014192L, -1865768999L, 558143819L, -920494148L, 930838506L, 
1601871903L, 1205511849L, -1057031618L, 1637205804L, -214703747L, 
1282932679L, -1177286992L, 889267406L, 1491832315L, 1611150941L, 
-1373585014L, -67978840L, 978810641L, 697665027L, 262652164L, 
-773212878L, -1448336505L, 1869853137L, 594185046L, 2033090868L, 
1657200709L, 1896441999L, 1452230152L, -1193432538L, -269403437L, 
-186282955L, 1230705554L, -1163070624L, 2048036553L, 354120187L, 
475749836L, -13357990L, -69889713L, 1274523673L, 1225168430L, 
630242364L, 1226766765L, 2115271255L, -122506336L, -870803202L, 
1643260875L, -472011315L, -1130897158L, -1231428808L, -916356895L, 
87692179L, 793319348L, 417942722L, -1098948393L, -337683167L, 
-581432090L, 702728676L, 229066005L, 1852480831L, -973369128L, 
-911372042L, -495211773L, -1208968123L, 1885484130L, -2053454896L, 
-1720112903L, 367125035L, 1778666908L, 1257518538L, -796662081L, 
801933321L, 627357982L, 231750860L, -1222518627L, 1786584359L, 
1586638672L, 482173422L, 664274587L, 70363389L, 1936961514L, 
1015683208L, 1138632241L, -772317021L, 1188549796L, 1069970770L, 
